805 6 7 5
830 8 5 3
850 6 7 5
855 8 3 1
867 5 9 2
889 5 2 1
895 2 5 9
913 9 8 4
922 9 5 8
933 5 3 2
947 3 9 5
959 9 8 3
981 9 3 2
1002 8 6 1
1005 5 9 8
1085 9 5 1
1122 6 7 5
1124 9 6 1
1150 2 3 9
1154 8 5 4
1170 6 7 5
1188 9 6 4
1251 6 7 5
1292 8 7 5
1298 9 5 8
1301 8 4 3
1315 9 2 3
1322 8 2 1
1329 9 3 2
1365 9 6 3
1378 3 7 5
1384 7 6 1
1385 3 5 9
1419 8 7 4
1421 6 7 5
1423 7 5 4
1438 3 2 9
1455 9 6 2
1457 9 2 3
1460 9 7 6
109 6 7 5
123 6 5 1
159 3 9 2
182 8 7 3
202 7 5 3
204 6 5 3
205 9 5 3
210 8 4 1
213 6 7 5
248 5 3 1
257 3 6 7
259 6 5 1
261 6 7 5
262 9 5 1
263 6 7 5
264 8 6 1
269 3 9 2
270 8 2 1
271 6 7 5
276 7 5 2
277 3 2 9
279 8 6 5
281 3 6 7
286 9 7 2
288 6 7 5
289 8 6 3
290 3 6 7
295 9 6 4
296 3 2 9
297 7 3 1
298 2 3 9
299 9 4 3
316 9 2 3
332 6 3 1
335 6 3 7
346 7 6 4
366 9 3 2
367 8 2 1
369 5 2 3
370 8 4 3
371 6 7 5
373 5 4 3
376 6 7 5
377 9 8 2
378 2 3 9
380 9 4 1
381 6 7 5
384 8 6 3
386 3 7 5
388 3 2 1
392 3 1 9
393 6 5 4
394 3 2 9
396 9 5 4
398 6 7 5
399 9 6 1
400 9 2 6
401 6 3 2
402 6 7 5
408 8 5 3
409 6 7 5
411 6 5 3
413 5 3 2
415 6 5 4
416 6 7 5
419 9 8 7
420 6 7 5
421 5 4 2
422 6 7 5
425 9 6 1
426 3 7 5
428 9 6 2
429 3 7 5
430 3 2 1
432 3 6 7
433 8 7 4
434 6 7 5
435 6 3 1
436 3 2 9
437 9 5 1
438 3 6 7
439 4 3 1
440 3 2 9
441 8 4 2
442 3 2 9
443 9 2 1
444 3 5 9
445 7 3 2
446 6 7 5
449 9 7 2
450 6 7 5
452 8 6 1
454 6 7 5
458 9 6 2
459 3 1 4
461 6 3 1
463 5 3 2
465 7 3 1
469 3 2 9
470 8 6 3
472 3 9 5
473 6 5 4
474 3 2 9
475 9 7 1
478 3 9 8
479 9 7 6
480 3 5 9
481 9 8 6
482 3 2 9
483 7 4 1
484 7 5 3
485 8 6 5
486 6 7 5
487 7 3 2
488 3 7 5
489 8 6 1
491 7 5 3
493 7 6 1
494 3 9 2
495 7 5 4
496 2 3 5
497 6 4 2
499 6 7 5
500 8 6 1
501 6 7 5
502 8 4 2
504 3 7 5
505 4 2 1
506 3 9 8
507 6 3 2
508 6 7 5
509 9 5 3
512 6 7 5
514 9 6 2
515 3 9 5
516 7 3 2
517 3 6 7
518 8 6 3
520 3 6 7
522 7 6 5
523 6 7 5
524 7 3 1
526 3 9 2
528 8 3 2
530 3 2 9
531 9 7 4
532 7 5 6
535 9 6 1
536 2 3 9
537 7 6 4
539 6 7 5
540 9 6 5
541 3 6 7
543 6 4 1
549 6 7 5
552 8 4 3
553 2 9 5
554 8 7 6
555 6 7 5
556 5 2 1
558 6 7 5
559 8 5 1
560 2 9 3
562 4 2 1
563 3 7 5
564 5 4 1
565 3 9 2
566 5 4 3
569 2 3 9
571 9 7 2
572 2 3 9
574 7 6 2
575 3 7 5
576 9 6 3
577 3 7 5
578 8 5 2
579 9 3 5
581 8 5 1
582 7 5 6
583 9 6 4
585 3 5 2
586 9 6 3
588 6 7 5
589 6 4 1
590 6 3 7
597 7 6 2
598 5 3 2
602 8 5 2
607 6 7 5
611 9 7 4
615 2 3 9
616 4 3 1
618 2 5 9
622 3 2 1
623 3 9 2
628 7 6 1
630 6 3 7
639 7 3 2
642 6 7 5
643 9 7 1
645 3 2 9
646 7 5 2
648 2 3 9
649 9 5 2
655 9 2 3
658 5 4 2
659 2 3 9
663 9 6 3
665 3 9 2
667 9 7 2
668 3 9 2
671 9 2 1
672 3 2 9
673 9 8 2
675 3 9 2
676 9 6 3
677 3 2 9
681 6 2 1
682 9 5 3
683 7 4 3
684 3 9 8
686 8 5 1
688 3 2 9
689 7 3 2
690 3 6 7
692 9 8 1
693 7 5 3
695 5 4 2
697 3 6 9
698 7 4 1
699 3 2 9
701 8 5 4
702 5 3 2
704 6 4 1
709 3 7 5
711 7 2 1
712 2 9 3
714 6 5 3
716 9 2 3
717 6 3 2
718 2 5 9
719 4 3 1
720 5 9 8
725 7 4 2
726 9 2 3
727 8 5 1
728 9 5 8
729 6 5 1
731 5 9 8
733 8 5 1
734 3 2 9
736 8 7 5
739 6 7 5
742 8 7 6
746 6 7 5
748 7 5 1
749 3 2 9
751 4 1 9
752 7 5 3
753 6 3 1
754 2 5 9
757 9 7 5
759 3 2 9
763 8 7 6
764 9 8 7
767 8 3 1
768 3 9 2
770 6 1 9
771 5 9 8
774 8 7 1
776 3 2 9
780 9 6 3
782 3 2 9
785 9 8 7
786 6 9 2
788 8 5 2
790 3 6 7
791 9 8 6
792 6 7 5
793 8 7 3
795 4 1 2
797 9 6 3
798 7 5 3
801 9 3 2
802 2 3 9
803 9 7 2
806 5 9 3
811 3 2 1
812 6 7 5
815 4 2 1
819 6 9 8
822 6 4 1
823 2 5 9
825 8 4 2
827 9 8 7
828 7 6 3
833 3 2 9
834 9 8 3
841 9 5 8
845 9 3 2
848 9 8 7
849 7 3 1
852 2 5 9
854 8 4 3
857 2 3 9
858 8 6 5
861 3 2 1
862 9 6 2
865 6 7 5
869 9 8 3
875 2 5 9
878 8 6 4
883 9 5 3
884 7 4 3
888 2 3 9
893 8 3 2
896 6 7 5
898 2 1 9
908 3 9 2
911 9 8 3
915 9 5 3
921 8 6 4
925 3 9 2
927 8 6 2
929 9 8 7
936 9 2 1
938 5 9 3
941 8 5 1
943 3 2 5
946 9 6 3
948 2 5 9
949 7 6 5
953 5 3 2
955 5 4 2
957 9 2 3
964 9 7 5
969 5 9 8
970 8 4 3
972 7 5 3
973 8 7 4
974 3 2 9
975 7 4 1
977 9 5 8
979 4 3 2
980 3 9 2
987 9 7 4
992 3 9 2
993 9 7 2
995 9 5 8
997 6 5 3
999 5 9 3
1004 7 6 2
1007 2 3 9
1012 8 5 3
1013 9 2 3
1014 8 5 2
1015 3 2 9
1020 8 6 4
1021 5 3 2
1022 9 6 3
1023 5 2 3
1024 5 4 1
1028 3 9 2
1029 6 3 2
1033 9 2 3
1034 9 8 1
1035 3 9 5
1036 6 4 1
1037 9 5 3
1038 7 4 1
1039 2 9 5
1043 8 6 1
1045 3 6 7
1053 9 4 3
1054 3 5 2
1056 9 6 2
1057 6 7 5
1058 5 3 2
1060 3 9 2
1061 7 6 1
1065 3 5 2
1066 8 4 2
1068 7 5 6
1070 5 3 2
1072 3 7 5
1074 6 5 4
1075 9 8 7
1076 9 6 5
1078 3 2 9
1080 9 5 3
1082 3 1 9
1087 8 2 1
1090 6 7 5
1093 9 7 2
1094 3 5 2
1096 8 7 4
1097 4 9 8
1101 5 4 2
1102 2 5 9
1104 8 5 4
1105 5 3 2
1106 5 3 2
1111 6 7 5
1115 9 4 2
1116 3 2 9
1117 7 6 4
1118 6 7 5
1119 9 8 3
1123 3 7 5
1130 8 5 4
1132 3 9 8
1136 9 8 7
1137 5 3 2
1144 9 8 7
1149 6 9 8
1151 6 5 3
1152 9 3 2
1161 7 3 1
1162 2 3 9
1163 8 6 2
1166 6 7 5
1167 8 6 5
1169 3 6 7
1171 9 4 1
1175 6 9 5
1176 6 4 3
1180 9 2 3
1182 9 6 5
1183 3 2 9
1184 9 3 2
1185 9 3 2
1186 8 6 3
1187 3 6 7
1190 8 6 3
1191 3 7 5
1193 7 3 1
1194 3 9 2
1202 8 5 4
1204 6 9 3
1209 8 5 4
1211 6 7 5
1214 9 4 3
1215 3 9 8
1216 9 8 7
1218 2 3 9
1219 8 4 1
1220 9 5 8
1222 8 2 1
1223 2 5 9
1226 7 3 1
1227 7 5 3
1228 8 3 2
1230 6 7 5
1231 9 6 3
1232 9 2 6
1234 6 4 2
1235 3 7 5
1237 8 2 1
1238 6 7 5
1239 9 8 3
1241 9 2 3
1242 8 4 3
1243 6 7 5
1245 7 6 1
1247 3 6 7
1252 5 4 3
1254 3 5 9
1264 9 6 3
1265 9 8 7
1267 9 6 4
1268 6 7 5
1269 8 1 9
1271 9 5 8
1274 7 5 1
1275 2 3 5
1276 8 7 2
1278 3 9 2
1280 9 6 2
1281 9 5 8
1282 9 7 4
1285 9 8 7
1286 8 2 1
1287 3 6 7
1289 9 7 1
1290 7 5 3
1293 7 5 2
1297 5 7 1
1303 9 8 4
1304 9 5 8
1305 5 3 1
1306 5 9 8
1307 7 3 2
1308 3 9 2
1310 9 7 5
1316 6 3 7
1317 5 3 1
1318 6 7 5
1319 6 3 1
1320 3 1 4
1323 8 2 1
1330 5 9 8
1331 5 4 2
1333 6 7 5
1334 8 6 3
1335 6 7 5
1337 9 5 1
1338 6 7 5
1340 9 5 3
1341 9 2 3
1342 6 3 2
1343 9 2 1
1345 8 6 1
1348 6 7 5
1351 4 2 1
1354 5 3 2
1355 9 8 7
1356 3 1 2
1357 8 7 3
1360 5 9 8
1362 9 5 2
1367 6 3 7
1369 3 2 1
1374 1 2 9
1375 9 8 7
1376 6 3 7
1377 9 8 5
1379 3 2 9
1380 6 3 2
1381 9 2 3
1382 5 3 2
1383 2 9 3
1386 9 8 2
1387 9 5 8
1388 9 7 3
1390 9 2 3
1391 9 7 3
1393 3 9 2
1394 9 4 1
1395 9 2 3
1396 8 5 4
1398 6 3 7
1400 9 8 5
1401 6 7 5
1402 8 4 1
1406 9 3 5
1408 6 4 2
1411 3 9 5
1412 6 5 4
1413 6 7 5
1415 6 5 2
1418 6 3 9
1422 9 4 3
1425 3 9 5
1426 4 2 1
1429 6 7 5
1434 4 3 2
1435 6 7 5
1439 8 6 2
1440 5 3 2
1441 8 6 5
1444 3 2 9
1446 6 4 1
1449 3 5 2
1450 3 9 8
1451 6 4 9
1454 9 6 3
1458 6 7 5
